              precision    recall  f1-score   support

           0       0.86      0.94      0.90        34
           1       0.87      0.74      0.80        54
           2       0.71      0.64      0.67        80
           3       0.78      0.96      0.86       776
           4       0.80      0.60      0.69       322
           5       0.85      0.83      0.84        86
           6       0.92      0.70      0.79       325

    accuracy                           0.81      1677
   macro avg       0.83      0.77      0.79      1677
weighted avg       0.82      0.81      0.80      1677
