              precision    recall  f1-score   support

           0       0.97      1.00      0.99        34
           1       1.00      0.98      0.99        54
           2       1.00      1.00      1.00        80
           3       1.00      1.00      1.00       776
           4       0.99      0.94      0.96       322
           5       0.83      0.98      0.90        86
           6       0.99      0.99      0.99       325

    accuracy                           0.99      1677
   macro avg       0.97      0.98      0.98      1677
weighted avg       0.99      0.99      0.99      1677
