              precision    recall  f1-score   support

           0       1.00      1.00      1.00        34
           1       1.00      1.00      1.00        54
           2       1.00      1.00      1.00        80
           3       1.00      1.00      1.00       776
           4       0.98      0.96      0.97       322
           5       0.87      0.94      0.91        86
           6       1.00      1.00      1.00       325

    accuracy                           0.99      1677
   macro avg       0.98      0.99      0.98      1677
weighted avg       0.99      0.99      0.99      1677
