              precision    recall  f1-score   support

           0       1.00      1.00      1.00        34
           1       1.00      1.00      1.00        54
           2       1.00      1.00      1.00        80
           3       1.00      1.00      1.00       776
           4       1.00      0.93      0.96       322
           5       0.80      1.00      0.89        86
           6       1.00      1.00      1.00       325

    accuracy                           0.99      1677
   macro avg       0.97      0.99      0.98      1677
weighted avg       0.99      0.99      0.99      1677
